ID 	 SPEED
------	-------
0 	 39
2 	 48
4 	 34
5 	 38
6 	 40
8 	 39
13 	 34
12 	 27
15 	 38
16 	 45
24 	 48
25 	 59
35 	 49
39 	 55
50 	 66
49 	 66
48 	 66
52 	 54
65 	 56
69 	 75
72 	 50
75 	 52
77 	 50
83 	 95	[BO9582]<---exceeded
84 	 1
89 	 66
91 	 66
92 	 66
118 	 48
122 	 56
124 	 56
125 	 63
126 	 53
134 	 129	['AC1234']<---exceeded
136 	 28
135 	 28
131 	 28
138 	 28
141 	 22
148 	 52
159 	 294	['TT4234']<---exceeded
154 	 55
171 	 48
175 	 54
178 	 46
188 	 55
189 	 63
200 	 41
206 	 60
211 	 58
212 	 59
220 	 45

-------------
SUMMARY
-------------
Total Vehicles :	52
Exceeded speed limit :	3